0.000000
0.000000
0.000000
0.000000
0.000000
0.000000
0.000000
0.000000
0.000000
0.000000
0.000000
0.000000
0.000000
0.000000
0.000000
0.000000
0.000000
0.000000
0.000000
0.000000
0.000000
0.000000
0.000000
0.000000
0.000000
0.000000
0.000000
0.000000
0.000000
0.000000
0.000000
0.000000
-0.025117
-0.066816
-0.105371
-0.122500
-0.099473
-0.058379
-0.011270
0.040566
0.089961
0.133125
0.174395
0.204453
0.223457
0.217461
0.174512
0.089571
-0.033125
-0.161699
-0.276230
-0.348906
-0.379746
-0.364140
-0.302578
-0.218536
-0.123262
-0.044727
0.017089
0.058535
0.072422
0.068554
0.049297
0.031640
0.026972
0.040078
0.075429
0.122265
0.172499
0.216933
0.246914
0.254336
0.236094
0.195274
0.130938
0.041758
-0.086133
-0.252637
-0.466973
-0.729122
-1.013478
-1.288653
-1.516466
-1.680313
-1.756954
-1.712403
-1.525313
-1.188107
-0.685744
0.008767
0.928924
2.061463
3.327577
4.603358
5.702792
6.396971
6.424218
5.585448
3.866796
1.465469
-1.240995
-3.784783
-5.707068
-6.668943
-6.582596
-5.633358
-4.172674
-2.588299
-1.184100
-0.133592
0.531779
0.899279
1.080802
1.169454
1.200801
1.174453
1.085058
0.929219
0.735644
0.530156
0.347910
0.209121
0.112324
0.050762
0.007149
-0.018457
-0.023906
-0.015625
0.006132
0.040370
0.074745
0.098476
0.089139
0.051502
-0.004357
-0.069669
-0.119473
-0.146894
-0.138378
-0.101484
-0.050565
0.003517
0.047442
0.075704
0.084513
0.079122
0.066583
0.057813
0.047989
0.036974
0.022833
0.002500
-0.019063
-0.048555
-0.074649
-0.089707
-0.085664
-0.061620
-0.024003
0.020158
0.060392
0.087638
0.091641
0.077481
0.045860
0.011016
-0.020371
-0.044238
-0.053183
-0.047988
-0.031562
-0.012070
0.004453
0.018125
0.030527
0.035215
0.037148
0.034804
0.031640
0.026992
0.016015
0.006347
-0.000880
-0.003771
-0.003732
-0.005412
-0.009826
-0.022150
-0.043498
-0.070705
-0.097092
-0.112756
-0.112697
-0.098029
-0.077775
-0.054709
-0.034455
-0.022189
-0.022872
-0.036231
-0.049024
-0.058184
-0.063340
-0.060156
-0.045507
-0.017030
0.014162
0.039220
0.061642
0.077149
0.083438
0.080489
0.075176
0.080449
0.089433
0.095215
0.100528
0.106075
0.116935
0.121388
0.118009
0.115411
0.112110
0.105528
0.085255
0.058341
0.031798
0.009200
-0.015780
-0.042479
-0.061542
-0.071952
-0.069394
-0.065995
-0.061132
-0.053007
-0.047831
-0.044218
-0.050351
-0.060684
-0.062461
-0.059591
-0.053302
-0.053360
-0.055958
-0.051719
-0.044805
-0.034278
-0.022286
-0.001895
0.023632
0.044843
0.055703
0.060663
0.063515
0.061933
0.055586
0.045527
0.034238
0.019082
-0.000117
-0.020254
-0.038476
-0.056620
-0.071659
-0.086171
-0.093612
-0.094472
-0.084902
-0.059374
-0.024706
0.020256
0.065002
0.101526
0.122893
0.122560
0.105236
0.075489
0.037247
0.001035
-0.031407
-0.054122
-0.062168
-0.059981
-0.051738
-0.045488
-0.041113
-0.034707
-0.033281
-0.036426
-0.037187
-0.032051
-0.022285
-0.021230
-0.026074
-0.029765
-0.027695
-0.017129
0.001407
0.027481
0.057012
0.079199
0.085840
0.077148
0.052109
0.025331
0.000820
-0.017871
-0.032813
-0.053613
-0.073457
-0.096602
-0.122072
-0.142247
-0.146603
-0.122228
-0.076563
-0.024298
0.029687
0.077969
0.111230
0.129590
0.139434
0.159785
0.190742
0.221114
0.249571
0.258360
0.245528
0.201700
0.132657
0.061269
-0.006427
-0.050606
-0.074415
-0.077501
-0.060547
-0.030352
0.017285
0.063008
0.091406
0.094512
0.063106
-0.003574
-0.112500
-0.241544
-0.347247
-0.403985
-0.399804
-0.348281
-0.257226
-0.143692
-0.041974
0.024725
0.051893
0.052088
0.038806
0.022322
0.020076
0.042284
0.083808
0.142773
0.201758
0.252676
0.276583
0.266271
0.228751
0.152910
0.042382
-0.110216
-0.299572
-0.526701
-0.805236
-1.120489
-1.445332
-1.741367
-1.981757
-2.134647
-2.137655
-1.935682
-1.493026
-0.810018
0.120959
1.299260
2.665139
4.103596
5.447502
6.541272
7.192423
7.194045
6.391817
4.759258
2.463418
-0.217149
-2.914005
-5.236290
-6.832972
-7.486077
-7.208343
-6.189827
-4.721039
-3.093031
-1.554906
-0.290315
0.621893
1.198983
1.515234
1.646640
1.645741
1.552498
1.392206
1.185488
0.947363
0.693946
0.451993
0.239787
0.077874
-0.023473
-0.061677
-0.045799
-0.004433
0.039786
0.074141
0.089103
0.078731
0.043614
0.000744
-0.031931
-0.048728
-0.053123
-0.045995
-0.034825
-0.029336
-0.034765
-0.051170
-0.061600
-0.066834
-0.060956
-0.043124
-0.014531
0.021953
0.048104
0.064549
0.070408
0.071756
0.069725
0.060076
0.050564
0.040368
0.031598
0.024411
0.014960
0.014101
0.015996
0.018534
0.022051
0.016759
0.014358
0.007621
0.000960
-0.003200
-0.010486
-0.010252
-0.013826
-0.016991
-0.018964
-0.017968
-0.009785
-0.005702
-0.004960
-0.005565
-0.006386
-0.006445
-0.010762
-0.013145
-0.007501
-0.004592
-0.006467
-0.018186
-0.029514
-0.038947
-0.054181
-0.066563
-0.077969
-0.081601
-0.089237
-0.102322
-0.112928
-0.125448
-0.135546
-0.148086
-0.154141
-0.151621
-0.144805
-0.127070
-0.099140
-0.057499
-0.007576
0.049338
0.114454
0.179278
0.238692
0.283809
0.316036
0.330782
0.323653
0.294981
0.249824
0.196562
0.136991
0.077753
0.024648
-0.015509
-0.043595
-0.063283
-0.076271
-0.085315
-0.090648
-0.094261
-0.098597
-0.097309
-0.093285
-0.083655
-0.071896
-0.062265
-0.048592
-0.039002
-0.027323
-0.022401
-0.022693
-0.020115
-0.016522
-0.006757
0.003653
0.022579
0.045588
0.067210
0.078694
0.076232
0.067990
0.046897
0.021194
-0.005563
-0.025134
-0.030740
-0.036248
-0.034706
-0.029961
-0.028595
-0.028538
-0.039417
-0.049007
-0.057366
-0.062133
-0.058657
-0.053482
-0.043756
-0.033521
-0.020689
-0.008619
0.001245
0.010835
0.021832
0.037732
0.050506
0.057206
0.059315
0.053144
0.046601
0.034121
0.019512
0.009493
-0.003241
-0.009921
-0.023105
-0.040586
-0.057012
-0.074532
-0.078146
-0.069670
-0.047326
-0.011994
0.024178
0.058495
0.079824
0.081973
0.070118
0.045234
0.019394
-0.005295
-0.024963
-0.036622
-0.043515
-0.044373
-0.046112
-0.046659
-0.047948
-0.046444
-0.038788
-0.030625
-0.024415
-0.025001
-0.033399
-0.049667
-0.076580
-0.106541
-0.127831
-0.129023
-0.104571
-0.059982
0.001893
0.071717
0.139316
0.188691
0.213438
0.218302
0.209143
0.194846
0.177170
0.166134
0.160841
0.152658
0.135979
0.106096
0.070158
0.024044
-0.024667
-0.067792
-0.102284
-0.120995
-0.129862
-0.113007
-0.069042
0.000801
0.084160
0.157558
0.208358
0.211951
0.162927
0.062907
-0.062874
-0.180549
-0.267951
-0.313946
-0.324296
-0.305507
-0.264569
-0.212811
-0.158202
-0.105507
-0.054335
0.001856
0.055215
0.098007
0.126874
0.147753
0.167226
0.179981
0.182618
0.170801
0.141328
0.078027
-0.034219
-0.200918
-0.421407
-0.684414
-0.982676
-1.284629
-1.550528
-1.745626
-1.847324
-1.840195
-1.684667
-1.342363
-0.789922
-0.014843
1.007657
2.286330
3.750392
5.234962
6.507443
7.292053
7.279064
6.235783
4.150157
1.293477
-1.847929
-4.715918
-6.770195
-7.648086
-7.299708
-6.006935
-4.248595
-2.469591
-0.986622
0.048672
0.651387
0.944571
1.091974
1.195607
1.269728
1.294552
1.234416
1.084417
0.866391
0.616040
0.382056
0.190824
0.056428
-0.019570
-0.051681
-0.057248
-0.053576
-0.050958
-0.049219
-0.044513
-0.037247
-0.023693
-0.008262
0.002304
0.009803
0.007829
0.003825
0.001579
0.006542
0.024726
0.046426
0.068809
0.091582
0.108321
0.112852
0.102441
0.080605
0.059569
0.033359
0.002558
-0.029667
-0.062480
-0.088769
-0.114238
-0.131114
-0.134473
-0.124688
-0.103360
-0.073692
-0.039297
-0.004238
0.024747
0.045334
0.061155
0.069182
0.072072
0.068907
0.067540
0.074884
0.084767
0.092013
0.094709
0.093245
0.084945
0.061195
0.028773
-0.004490
-0.036464
-0.065527
-0.090781
-0.105645
-0.111721
-0.111898
-0.105883
-0.096119
-0.089246
-0.089346
-0.095889
-0.102684
-0.112759
-0.119768
-0.120019
-0.111072
-0.096929
-0.083335
-0.063667
-0.042086
-0.013201
0.023926
0.075956
0.137460
0.196678
0.245898
0.274747
0.281759
0.258517
0.216387
0.167206
0.119217
0.081189
0.050583
0.033317
0.021012
0.006950
-0.008713
-0.027892
-0.045684
-0.066562
-0.084257
-0.094257
-0.096328
-0.092597
-0.090663
-0.082030
-0.069392
-0.053181
-0.037244
-0.025174
-0.004061
0.017696
0.040665
0.057326
0.064339
0.069963
0.063322
0.050860
0.028185
0.002619
-0.020173
-0.043416
-0.060878
-0.076015
-0.081484
-0.079550
-0.065742
-0.044863
-0.023554
-0.005624
-0.000936
-0.005174
-0.020213
-0.035604
-0.044297
-0.042891
-0.025137
0.002031
0.033867
0.059724
0.070445
0.070035
0.056539
0.038884
0.016523
-0.008673
-0.026837
-0.043614
-0.052520
-0.061524
-0.065958
-0.060881
-0.050646
-0.036212
-0.021271
-0.001269
0.022405
0.045356
0.061256
0.076509
0.087270
0.092288
0.087111
0.072482
0.059200
0.040469
0.019394
-0.008849
-0.040821
-0.072284
-0.100758
-0.120347
-0.130133
-0.129901
-0.120058
-0.098906
-0.078750
-0.061036
-0.053536
-0.048478
-0.040899
-0.036094
-0.026659
-0.014354
0.011759
0.045215
0.078983
0.109079
0.134468
0.153803
0.161068
0.155522
0.141012
0.128357
0.114277
0.101603
