0.000000
0.000000
0.000000
0.000000
0.000000
0.000000
0.000000
0.000000
0.000000
0.000000
0.000000
0.000000
0.000000
0.000000
0.000000
0.000000
0.000000
0.000000
0.000000
0.000000
0.000000
0.000000
0.000000
0.000000
0.000000
0.000000
0.000000
0.000000
0.000000
0.000000
0.000000
0.000000
-0.100469
-0.217031
-0.312969
-0.383750
-0.415000
-0.399532
-0.350157
-0.253907
-0.127969
0.021875
0.209531
0.395157
0.579219
0.706876
0.751720
0.667189
0.466564
0.202658
-0.120935
-0.434685
-0.733747
-0.947498
-1.074842
-1.138280
-1.131405
-1.098124
-1.026562
-0.956562
-0.912500
-0.880938
-0.867188
-0.852657
-0.818751
-0.744846
-0.619377
-0.463284
-0.269535
-0.052035
0.162653
0.337965
0.479840
0.570465
0.570153
0.459841
0.190622
-0.250316
-0.942661
-1.890006
-3.043444
-4.354538
-5.776258
-7.244852
-8.626102
-9.779227
-10.610323
-11.005168
-10.756107
-9.671266
-7.561579
-4.356580
-0.103144
5.012949
10.564823
15.897323
20.151541
22.561382
22.699978
20.484980
16.225761
10.659357
4.784515
-0.470171
-4.539857
-7.211888
-8.535324
-8.825635
-8.469382
-7.779225
-6.931412
-5.997505
-5.037035
-4.048598
-3.102661
-2.266880
-1.587661
-1.089223
-0.748911
-0.565630
-0.457817
-0.398286
-0.383286
-0.399848
-0.428441
-0.449535
-0.454066
-0.449535
-0.403911
-0.313130
-0.223287
-0.145945
-0.130946
-0.153291
-0.237042
-0.371573
-0.499698
-0.609540
-0.671571
-0.691571
-0.660944
-0.600788
-0.527193
-0.455630
-0.395473
-0.350161
-0.313597
-0.265315
-0.245939
-0.236095
-0.236876
-0.259845
-0.310314
-0.393596
-0.468596
-0.539533
-0.580001
-0.584375
-0.542186
-0.477810
-0.391715
-0.309059
-0.259996
-0.233746
-0.245933
-0.272026
-0.322339
-0.372495
-0.408432
-0.420932
-0.424370
-0.412808
-0.394683
-0.363277
-0.327027
-0.305777
-0.274840
-0.250153
-0.228278
-0.221092
-0.225311
-0.226249
-0.229219
-0.234221
-0.236254
-0.244380
-0.263444
-0.309227
-0.377823
-0.470012
-0.571420
-0.663452
-0.731890
-0.781891
-0.823299
-0.836582
-0.842365
-0.861116
-0.902522
-0.951428
-0.993303
-1.048460
-1.107366
-1.135021
-1.132051
-1.104236
-1.066110
-1.011110
-0.932046
-0.862670
-0.806577
-0.751890
-0.686734
-0.600797
-0.524390
-0.452202
-0.358919
-0.259231
-0.153136
-0.069542
0.018271
0.116708
0.202178
0.260617
0.287336
0.307493
0.305931
0.288120
0.233902
0.173590
0.117029
0.058747
0.013748
-0.038751
-0.078750
-0.107031
-0.143437
-0.183281
-0.242031
-0.300469
-0.334688
-0.375315
-0.417815
-0.472346
-0.510003
-0.536098
-0.565161
-0.581881
-0.576256
-0.538131
-0.492506
-0.444382
-0.400320
-0.341571
-0.289853
-0.251884
-0.222822
-0.192978
-0.182353
-0.195790
-0.221884
-0.254227
-0.307040
-0.379694
-0.445787
-0.529537
-0.606568
-0.677192
-0.711567
-0.714535
-0.686720
-0.608593
-0.504528
-0.399527
-0.299682
-0.220774
-0.172961
-0.160930
-0.180617
-0.212805
-0.272650
-0.331400
-0.369993
-0.404056
-0.443274
-0.476712
-0.498119
-0.515462
-0.557024
-0.592962
-0.608118
-0.618119
-0.633587
-0.665149
-0.688898
-0.709523
-0.722179
-0.717023
-0.679522
-0.620929
-0.542178
-0.468897
-0.412179
-0.377336
-0.379524
-0.383899
-0.405618
-0.435775
-0.484837
-0.558743
-0.637963
-0.745621
-0.879684
-1.006872
-1.093748
-1.127499
-1.125624
-1.088124
-0.994687
-0.881093
-0.784218
-0.674999
-0.539999
-0.364061
-0.176717
0.027815
0.262347
0.449848
0.594380
0.668599
0.683599
0.650316
0.577816
0.519065
0.451564
0.403440
0.393440
0.426721
0.509064
0.597658
0.673596
0.722503
0.699065
0.570627
0.299533
-0.043905
-0.382655
-0.704217
-0.969529
-1.143592
-1.191873
-1.167812
-1.125314
-1.077971
-1.029223
-1.007507
-1.005321
-1.000634
-0.952354
-0.864855
-0.737980
-0.536730
-0.309385
-0.068447
0.134210
0.306555
0.418116
0.401240
0.256396
-0.053450
-0.552827
-1.300952
-2.340796
-3.641421
-5.163920
-6.854856
-8.661105
-10.431417
-11.926260
-12.965009
-13.366414
-12.951411
-11.449222
-8.726564
-4.818282
0.147501
5.903752
12.077504
17.986412
22.882349
26.068600
27.073441
25.744537
22.175785
16.861408
10.569843
4.215622
-1.445630
-5.964227
-9.099541
-10.841577
-11.379080
-11.044081
-10.159550
-8.963770
-7.623301
-6.251271
-4.929241
-3.727837
-2.675025
-1.809557
-1.146431
-0.702681
-0.452680
-0.348459
-0.364393
-0.435328
-0.503138
-0.525794
-0.502356
-0.453450
-0.380167
-0.290323
-0.227509
-0.214853
-0.243445
-0.279380
-0.322970
-0.370001
-0.410626
-0.419534
-0.437502
-0.473908
-0.522498
-0.581716
-0.629996
-0.687495
-0.713432
-0.712495
-0.675620
-0.618590
-0.567966
-0.508124
-0.449220
-0.390940
-0.347659
-0.318599
-0.283134
-0.261731
-0.249700
-0.237670
-0.235325
-0.212514
-0.198296
-0.182046
-0.162356
-0.163448
-0.150163
-0.157660
-0.161408
-0.170627
-0.185625
-0.186561
-0.208747
-0.227029
-0.241247
-0.242184
-0.240308
-0.250308
-0.257024
-0.256087
-0.262962
-0.273119
-0.291557
-0.294370
-0.282340
-0.296093
-0.316564
-0.350003
-0.373441
-0.423443
-0.496567
-0.554693
-0.619692
-0.688284
-0.786719
-0.880468
-0.975311
-1.095779
-1.221248
-1.349842
-1.464843
-1.580466
-1.685155
-1.747967
-1.777653
-1.764213
-1.707337
-1.585774
-1.409056
-1.196242
-0.947336
-0.681399
-0.402335
-0.145616
0.079384
0.257664
0.395320
0.482663
0.514850
0.508912
0.480787
0.437660
0.376098
0.308126
0.240468
0.164215
0.085463
0.008585
-0.076106
-0.144235
-0.211268
-0.258456
-0.306579
-0.345640
-0.362045
-0.386731
-0.395323
-0.418603
-0.436883
-0.446413
-0.447507
-0.440318
-0.425317
-0.367190
-0.301719
-0.233279
-0.177498
-0.124371
-0.084213
-0.092335
-0.108739
-0.134361
-0.163735
-0.187796
-0.227014
-0.241546
-0.256705
-0.287332
-0.318272
-0.368431
-0.412183
-0.469842
-0.516097
-0.551102
-0.585482
-0.610174
-0.620647
-0.616276
-0.616906
-0.607065
-0.581912
-0.546444
-0.496288
-0.447852
-0.402384
-0.356135
-0.329572
-0.297853
-0.295040
-0.295352
-0.292850
-0.311911
-0.326443
-0.370974
-0.425661
-0.490351
-0.564883
-0.613947
-0.642543
-0.640826
-0.599420
-0.538796
-0.459578
-0.391452
-0.345201
-0.315514
-0.316609
-0.328173
-0.360050
-0.393644
-0.430361
-0.467078
-0.500826
-0.542857
-0.579106
-0.619729
-0.648167
-0.663480
-0.679731
-0.701607
-0.729107
-0.772386
-0.843010
-0.950977
-1.065976
-1.172226
-1.248477
-1.278010
-1.253012
-1.162388
-1.019419
-0.837544
-0.660669
-0.488012
-0.320977
-0.170819
-0.039881
0.080121
0.218090
0.343562
0.439032
0.513566
0.557472
0.564972
0.509504
0.438880
0.349351
0.235914
0.127009
0.030604
-0.000021
0.023261
0.133886
0.300292
0.491697
0.677789
0.792943
0.801378
0.681532
0.481998
0.230436
-0.044877
-0.310814
-0.544561
-0.741748
-0.887684
-0.990495
-1.052995
-1.081119
-1.059713
-0.979713
-0.882839
-0.777528
-0.653310
-0.503466
-0.350965
-0.208776
-0.070183
0.039348
0.090286
0.023097
-0.198934
-0.619716
-1.273934
-2.177058
-3.350965
-4.719716
-6.204718
-7.732686
-9.233779
-10.565964
-11.526746
-11.955653
-11.698620
-10.539400
-8.204244
-4.557523
0.312009
6.142323
12.475606
18.528889
23.234983
25.705765
25.487797
22.576389
17.407953
10.882016
4.254203
-1.439080
-5.630331
-8.203458
-9.357990
-9.453615
-8.951740
-8.211896
-7.373302
-6.464550
-5.457517
-4.387360
-3.332984
-2.348606
-1.539228
-0.946569
-0.568439
-0.369841
-0.299370
-0.317807
-0.368745
-0.413434
-0.458280
-0.502031
-0.538750
-0.577031
-0.617657
-0.640628
-0.655941
-0.652659
-0.644691
-0.637037
-0.624540
-0.631418
-0.632201
-0.626889
-0.600638
-0.548295
-0.485795
-0.409076
-0.303918
-0.205949
-0.135949
-0.083294
-0.042827
-0.014233
-0.037045
-0.075951
-0.130637
-0.217356
-0.321419
-0.437513
-0.545014
-0.643451
-0.717202
-0.764860
-0.779078
-0.769702
-0.731733
-0.689544
-0.637821
-0.572038
-0.513756
-0.463289
-0.416569
-0.350473
-0.270628
-0.197190
-0.125156
-0.044372
0.025944
0.067041
0.063919
0.051732
0.015638
-0.054674
-0.144986
-0.231080
-0.318739
-0.414680
-0.500776
-0.563595
-0.628757
-0.707672
-0.786121
-0.868469
-0.959095
-1.072223
-1.163315
-1.246435
-1.316275
-1.383459
-1.428143
-1.445171
-1.453764
-1.423452
-1.343297
-1.196580
-1.017362
-0.799706
-0.558143
-0.327204
-0.126578
0.018579
0.134516
0.211075
0.254042
0.283571
0.300598
0.321064
0.319342
0.301998
0.275278
0.231528
0.171842
0.087467
0.010281
-0.064719
-0.137376
-0.209093
-0.280185
-0.321434
-0.358775
-0.382523
-0.398615
-0.402209
-0.365177
-0.328458
-0.272830
-0.219077
-0.162513
-0.103763
-0.077200
-0.058292
-0.072508
-0.095631
-0.139223
-0.198598
-0.264535
-0.337034
-0.395941
-0.451097
-0.470471
-0.479220
-0.476094
-0.470780
-0.478434
-0.498746
-0.542963
-0.580933
-0.614528
-0.634526
-0.616714
-0.571715
-0.510467
-0.448752
-0.396415
-0.348603
-0.334385
-0.324230
-0.342511
-0.379231
-0.414232
-0.462825
-0.510795
-0.577047
-0.620953
-0.651268
-0.676270
-0.694239
-0.684551
-0.652205
-0.607667
-0.551257
-0.490002
-0.405000
-0.331716
-0.261247
-0.213433
-0.174214
-0.138432
-0.136871
-0.154530
-0.201562
-0.269373
-0.368586
-0.474049
-0.580611
-0.683892
-0.783268
-0.852954
-0.891704
-0.944674
-0.981550
-1.022176
-1.046864
-1.075614
-1.099206
-1.102641
-1.090766
-1.032798
-0.953269
-0.855459
-0.743119
-0.600000
-0.465785
-0.349852
-0.246104
-0.145793
-0.054386
0.011397
0.081712
