0.000000
0.000000
0.000000
0.000000
0.000000
0.000000
0.000000
0.000000
0.000000
0.000000
0.000000
0.000000
0.000000
0.000000
0.000000
0.000000
0.000000
0.000000
0.000000
0.000000
0.000000
0.000000
0.000000
0.000000
0.000000
0.000000
0.000000
0.000000
0.000000
0.000000
0.000000
0.000000
0.000021
0.000170
0.000540
0.001040
0.001370
0.001484
0.001488
0.001543
0.001812
0.002403
0.003417
0.004810
0.006475
0.008051
0.009066
0.009334
0.009370
0.010242
0.012785
0.016843
0.021650
0.026070
0.029122
0.030714
0.031220
0.031287
0.031297
0.031411
0.031586
0.031742
0.031802
0.031687
0.031341
0.030894
0.030754
0.031139
0.032126
0.033640
0.035403
0.036968
0.037812
0.037690
0.036597
0.035079
0.034311
0.036171
0.043403
0.060252
0.091947
0.143243
0.215092
0.304787
0.404632
0.500784
0.577830
0.624816
0.640482
0.640370
0.668958
0.810456
1.179467
1.885797
2.969835
4.333822
5.709318
6.748727
7.246139
7.316157
7.365461
7.840791
8.924622
10.405842
11.849623
12.907389
13.487514
13.708697
13.748164
13.731038
13.706227
13.677830
13.640112
13.591584
13.536753
13.484986
13.446679
13.428408
13.430772
13.440138
13.415409
13.275212
12.906542
12.200263
11.116205
9.752175
8.376508
7.336608
6.838206
6.766674
6.715524
6.238362
5.152938
3.670533
2.226182
1.168519
0.588622
0.366031
0.319933
0.319681
0.310340
0.283384
0.244521
0.199125
0.151299
0.105530
0.066432
0.037762
0.019800
0.010477
0.006459
0.005002
0.004593
0.004586
0.004770
0.005027
0.005252
0.005371
0.005389
0.005348
0.005283
0.005216
0.005231
0.005343
0.005412
0.005255
0.004793
0.004139
0.003595
0.003328
0.003276
0.003281
0.003206
0.003026
0.002819
0.002652
0.002550
0.002479
0.002435
0.002414
0.002405
0.002407
0.002394
0.002316
0.002131
0.001864
0.001622
0.001512
0.001556
0.001709
0.001902
0.002070
0.002213
0.002333
0.002465
0.002560
0.002586
0.002537
0.002461
0.002427
0.002474
0.002582
0.002715
0.002825
0.002863
0.002831
0.002792
0.002803
0.002896
0.003070
0.003294
0.003509
0.003697
0.003912
0.004178
0.004480
0.004813
0.005172
0.005565
0.005889
0.006039
0.006059
0.006055
0.006106
0.006146
0.006160
0.006154
0.006141
0.006132
0.006148
0.006194
0.006254
0.006281
0.006305
0.006361
0.006445
0.006514
0.006528
0.006486
0.006410
0.006308
0.006211
0.006117
0.005996
0.005834
0.005621
0.005351
0.005015
0.004576
0.004085
0.003639
0.003262
0.002947
0.002698
0.002590
0.002605
0.002674
0.002740
0.002771
0.002723
0.002597
0.002438
0.002327
0.002288
0.002335
0.002489
0.002705
0.002937
0.003093
0.003088
0.002978
0.002873
0.002919
0.003168
0.003567
0.003979
0.004281
0.004432
0.004461
0.004461
0.004476
0.004506
0.004532
0.004529
0.004484
0.004425
0.004378
0.004349
0.004347
0.004379
0.004425
0.004446
0.004413
0.004321
0.004173
0.003955
0.003688
0.003400
0.003160
0.003068
0.003156
0.003351
0.003456
0.003311
0.002898
0.002419
0.002049
0.001870
0.001860
0.001956
0.002103
0.002316
0.002684
0.003238
0.003866
0.004295
0.004434
0.004413
0.004406
0.004564
0.004930
0.005456
0.006087
0.006923
0.008113
0.009714
0.011764
0.013980
0.015989
0.017320
0.017798
0.017714
0.017470
0.017357
0.017451
0.017630
0.017752
0.017772
0.017746
0.017783
0.017881
0.017868
0.017504
0.016830
0.016535
0.017982
0.021806
0.027227
0.032525
0.036366
0.038159
0.038288
0.037698
0.036868
0.035745
0.034205
0.032179
0.029971
0.027975
0.026678
0.026326
0.026880
0.028236
0.030279
0.032644
0.034807
0.036429
0.037178
0.037228
0.037500
0.040213
0.049163
0.070643
0.112493
0.181704
0.280837
0.407730
0.554181
0.701171
0.822024
0.894122
0.915305
0.915734
0.971983
1.208659
1.769885
2.759010
4.185268
5.909620
7.634704
8.996313
9.750652
9.951575
9.951019
10.231517
11.143111
12.697682
14.564950
16.296896
17.573620
18.313570
18.623219
18.682196
18.643156
18.586414
18.533257
18.478874
18.417364
18.355328
18.310772
18.301077
18.326052
18.355480
18.315266
18.085308
17.525909
16.536936
15.110679
13.386441
11.661367
10.299525
9.544559
9.342463
9.341155
9.058314
8.144420
6.588103
4.720092
2.988164
1.711126
0.968257
0.649402
0.568840
0.566071
0.553266
0.505474
0.429092
0.338835
0.248615
0.168280
0.103688
0.056920
0.027142
0.011255
0.004617
0.002862
0.002780
0.002847
0.002775
0.002738
0.002757
0.002712
0.002535
0.002279
0.002084
0.002037
0.002046
0.002019
0.001942
0.001848
0.001778
0.001741
0.001716
0.001682
0.001604
0.001490
0.001352
0.001231
0.001170
0.001164
0.001149
0.001073
0.000936
0.000774
0.000608
0.000448
0.000328
0.000245
0.000201
0.000197
0.000228
0.000318
0.000459
0.000653
0.000864
0.001113
0.001453
0.001871
0.002394
0.003006
0.003737
0.004525
0.005288
0.005980
0.006509
0.006825
0.006924
0.006923
0.007003
0.007439
0.008509
0.010407
0.013090
0.016416
0.020057
0.023547
0.026447
0.028526
0.029803
0.030399
0.030550
0.030472
0.030333
0.030193
0.030105
0.030033
0.029927
0.029776
0.029548
0.029259
0.028844
0.028342
0.027809
0.027282
0.026873
0.026624
0.026565
0.026588
0.026523
0.026104
0.025046
0.023156
0.020473
0.017144
0.013514
0.010091
0.007341
0.005467
0.004373
0.003902
0.003773
0.003768
0.003761
0.003719
0.003617
0.003467
0.003264
0.003020
0.002751
0.002454
0.002191
0.001981
0.001857
0.001813
0.001799
0.001816
0.001829
0.001841
0.001839
0.001824
0.001811
0.001805
0.001820
0.001867
0.001935
0.001975
0.001941
0.001829
0.001708
0.001592
0.001532
0.001520
0.001519
0.001501
0.001488
0.001499
0.001567
0.001722
0.001899
0.002033
0.002056
0.001981
0.001891
0.001876
0.001974
0.002102
0.002202
0.002233
0.002231
0.002230
0.002251
0.002291
0.002339
0.002357
0.002343
0.002306
0.002265
0.002243
0.002221
0.002213
0.002221
0.002238
0.002275
0.002354
0.002532
0.002855
0.003292
0.003661
0.003822
0.003781
0.003706
0.003873
0.004500
0.005573
0.006879
0.008244
0.009538
0.010735
0.011769
0.012688
0.013529
0.014262
0.014815
0.015124
0.015218
0.015164
0.015108
0.015189
0.015488
0.015944
0.016487
0.016892
0.017013
0.016931
0.016972
0.017421
0.018323
0.019266
0.019786
0.019798
0.019930
0.020845
0.022591
0.024690
0.026677
0.028199
0.029075
0.029319
0.029107
0.028558
0.027794
0.027017
0.026502
0.026447
0.026820
0.027528
0.028440
0.029367
0.030130
0.030614
0.030718
0.030495
0.030375
0.031721
0.037404
0.052191
0.082932
0.136444
0.215697
0.317138
0.430760
0.542551
0.634761
0.691540
0.708834
0.705730
0.737243
0.909976
1.377990
2.291113
3.702575
5.475045
7.241103
8.536946
9.110535
9.165576
9.278473
10.018722
11.545462
13.494264
15.269790
16.472363
17.074011
17.275961
17.302488
17.286951
17.268908
17.243639
17.203249
17.149324
17.089312
17.032297
16.988485
16.967621
16.971842
16.984486
16.955505
16.782476
16.313734
15.400252
13.988781
12.216421
10.450358
9.154279
8.580233
8.524529
8.410747
7.669436
6.141587
4.191813
2.415625
1.212851
0.611167
0.407871
0.375425
0.375366
0.361294
0.331712
0.292244
0.244986
0.191670
0.136158
0.085582
0.046501
0.021517
0.008867
0.004031
0.002948
0.003104
0.003526
0.004010
0.004504
0.004926
0.005196
0.005296
0.005282
0.005236
0.005238
0.005304
0.005428
0.005585
0.005756
0.005914
0.006066
0.006251
0.006470
0.006681
0.006822
0.006832
0.006681
0.006382
0.006060
0.005844
0.005770
0.005876
0.006150
0.006493
0.006779
0.006934
0.006872
0.006607
0.006270
0.006018
0.005968
0.006139
0.006511
0.006988
0.007448
0.007791
0.007979
0.008051
0.008013
0.007914
0.007768
0.007600
0.007553
0.007900
0.008891
0.010617
0.012892
0.015414
0.017614
0.019174
0.020062
0.020392
0.020337
0.020050
0.019671
0.019269
0.018897
0.018591
0.018352
0.018155
0.017996
0.017881
0.017754
0.017585
0.017391
0.017253
0.017164
0.017094
0.017053
0.017040
0.017055
0.017037
0.016855
0.016280
0.015100
0.013223
0.010870
0.008357
0.006216
0.004681
0.003750
0.003289
0.003132
0.003171
0.003326
0.003533
0.003742
0.003884
0.003925
0.003874
0.003727
0.003491
0.003195
0.002900
0.002656
0.002448
0.002285
0.002145
0.002051
0.002043
0.002141
0.002306
0.002459
0.002510
0.002451
0.002322
0.002161
0.002052
0.002029
0.002094
0.002220
0.002352
0.002413
0.002375
0.002226
0.002019
0.001808
0.001681
0.001683
0.001789
0.001983
0.002237
0.002520
0.002759
0.002892
0.002944
0.002937
0.002928
0.002931
0.002948
0.003004
0.003177
0.003496
0.003954
0.004466
0.004937
0.005261
0.005443
0.005504
0.005508
0.005460
0.005371
0.005291
0.005229
0.005192
0.005181
0.005250
0.005441
0.005769
0.006246
0.006840
0.007451
0.007973
0.008383
0.008757
0.009076
0.009365
