0.000000
0.000000
0.000000
0.000000
0.000000
0.000000
0.000000
0.000000
0.000000
0.000000
0.000000
0.000000
-0.015000
-0.040000
-0.130000
-0.270000
-0.445000
-0.650000
-0.850000
-1.040000
-1.205000
-1.335000
-1.440000
-1.505000
-1.545000
-1.565000
-1.550000
-1.539999
-1.534999
-1.589999
-1.729999
-1.999998
-2.384998
-2.829998
-3.329998
-3.814997
-4.279997
-4.654998
-4.939999
-5.159999
-5.310000
-5.435000
-5.525001
-5.620001
-5.745001
-5.885001
-6.045002
-6.205002
-6.345002
-6.445003
-6.495003
-6.520004
-6.515004
-6.495004
-6.485004
-6.515004
-6.565003
-6.630003
-6.720003
-6.820002
-6.945002
-7.080001
-7.290001
-7.585001
-7.950001
-8.395000
-8.945000
-9.609999
-10.319997
-10.974996
-11.489995
-11.729994
-11.449992
-10.414990
-8.394988
-5.289986
-1.129983
3.905019
9.390022
14.670026
18.885029
21.270033
21.400038
19.195044
14.965051
9.445058
3.630065
-1.559928
-5.574921
-8.224914
-9.589906
-10.019897
-9.934889
-9.674881
-9.429873
-9.264865
-9.204858
-9.189851
-9.219844
-9.289837
-9.384830
-9.489822
-9.574815
-9.659807
-9.699800
-9.709792
-9.724785
-9.759777
-9.809770
-9.859762
-9.899755
-9.934749
-9.929742
-9.879735
-9.829728
-9.789721
-9.809715
-9.864709
-9.979702
-10.144694
-10.304687
-10.449678
-10.549670
-10.609662
-10.619654
-10.599646
-10.564637
-10.529629
-10.504621
-10.494613
-10.494604
-10.484595
-10.504587
-10.534579
-10.574572
-10.634564
-10.719557
-10.834550
-10.939543
-11.039536
-11.109528
-11.144520
-11.134512
-11.104505
-11.054498
-11.009491
-10.999484
-11.014478
-11.069471
-11.139465
-11.234460
-11.329454
-11.409449
-11.464443
-11.509439
-11.539434
-11.564430
-11.579426
-11.594421
-11.629417
-11.659414
-11.699410
-11.744407
-11.804403
-11.874400
-11.939397
-12.004395
-12.069392
-12.129390
-12.194387
-12.269385
-12.369383
-12.489381
-12.629378
-12.774375
-12.904371
-13.004367
-13.079362
-13.139358
-13.164353
-13.174349
-13.189343
-13.219337
-13.249331
-13.264323
-13.284316
-13.299308
-13.274299
-13.209289
-13.109278
-12.989267
-12.844257
-12.669247
-12.499236
-12.339226
-12.179215
-12.009205
-11.819194
-11.639182
-11.464170
-11.269156
-11.069143
-10.864130
-10.684117
-10.504105
-10.319092
-10.154078
-10.024065
-9.934052
-9.859038
-9.814025
-9.794011
-9.818997
-9.858984
-9.903971
-9.958958
-10.008945
-10.073932
-10.133919
-10.188906
-10.258893
-10.338881
-10.443869
-10.553857
-10.643846
-10.743834
-10.848823
-10.968811
-11.073799
-11.168788
-11.268777
-11.358766
-11.428754
-11.468742
-11.503731
-11.538719
-11.578709
-11.603698
-11.633686
-11.673675
-11.718662
-11.758650
-11.813638
-11.888625
-11.973613
-12.063601
-12.173588
-12.303575
-12.428562
-12.573550
-12.713538
-12.848526
-12.948514
-13.018501
-13.058488
-13.048474
-13.013461
-12.978449
-12.948437
-12.938425
-12.958414
-13.013404
-13.098394
-13.193385
-13.313376
-13.428368
-13.518358
-13.598350
-13.678341
-13.748333
-13.803325
-13.853316
-13.928308
-13.998302
-14.048295
-14.093288
-14.143282
-14.208275
-14.263268
-14.313263
-14.353257
-14.373252
-14.358247
-14.318242
-14.253238
-14.188234
-14.133231
-14.093228
-14.083225
-14.068222
-14.063219
-14.058216
-14.063213
-14.083211
-14.098209
-14.133208
-14.188207
-14.233205
-14.238204
-14.193203
-14.118202
-14.013202
-13.858201
-13.688200
-13.538199
-13.378199
-13.193198
-12.968198
-12.733197
-12.483196
-12.208196
-11.988194
-11.823194
-11.743194
-11.738194
-11.798196
-11.913197
-12.028197
-12.163198
-12.288199
-12.383201
-12.443202
-12.463203
-12.488204
-12.538205
-12.628206
-12.803208
-13.093211
-13.533214
-14.048216
-14.558218
-15.048220
-15.478221
-15.813223
-16.018225
-16.148228
-16.258230
-16.363234
-16.468237
-16.603241
-16.763245
-16.928247
-17.058250
-17.158253
-17.228254
-17.233255
-17.218256
-17.188257
-17.183258
-17.178259
-17.178261
-17.218264
-17.263266
-17.318268
-17.383270
-17.503271
-17.728271
-18.058271
-18.508270
-19.093269
-19.833269
-20.648268
-21.353268
-21.798267
-21.803267
-21.168264
-19.588263
-16.888260
-13.063257
-8.208255
-2.568252
3.496750
9.311752
14.131755
17.261757
18.231758
16.891760
13.336761
8.056761
1.811761
-4.498239
-10.138238
-14.688238
-17.943237
-19.928238
-20.863237
-21.103235
-20.983232
-20.733229
-20.488224
-20.308220
-20.208216
-20.188211
-20.208206
-20.253201
-20.308193
-20.388186
-20.488176
-20.593166
-20.718155
-20.838142
-20.928131
-20.968121
-20.968111
-20.953100
-20.923088
-20.883078
-20.873066
-20.913054
-20.993040
-21.078026
-21.168011
-21.257998
-21.337986
-21.382975
-21.432962
-21.497950
-21.572935
-21.657923
-21.732910
-21.817898
-21.872885
-21.902872
-21.897860
-21.872849
-21.852839
-21.822828
-21.792818
-21.762808
-21.747797
-21.747787
-21.742779
-21.752769
-21.772758
-21.792747
-21.822735
-21.832724
-21.852713
-21.872700
-21.892685
-21.937670
-21.972654
-22.032639
-22.092625
-22.162613
-22.242599
-22.312586
-22.407572
-22.502560
-22.597548
-22.682535
-22.767523
-22.867510
-22.967497
-23.062485
-23.167473
-23.277462
-23.397451
-23.502441
-23.592432
-23.707424
-23.827415
-23.957407
-24.072397
-24.207388
-24.357378
-24.482368
-24.602358
-24.712347
-24.837336
-24.942326
-25.032316
-25.132307
-25.222298
-25.302288
-25.357279
-25.402269
-25.427261
-25.402252
-25.337242
-25.222231
-25.057220
-24.822212
-24.527205
-24.192196
-23.817188
-23.422180
-23.012173
-22.622166
-22.262159
-21.947153
-21.672148
-21.447142
-21.277136
-21.147131
-21.042126
-20.957121
-20.897116
-20.852112
-20.817108
-20.802105
-20.802101
-20.812098
-20.842094
-20.867092
-20.902088
-20.927082
-20.962074
-20.997066
-21.017059
-21.052052
-21.077044
-21.122036
-21.167028
-21.207022
-21.242016
-21.272009
-21.297001
-21.281994
-21.261986
-21.241978
-21.236971
-21.236963
-21.251955
-21.316948
-21.391941
-21.476934
-21.566929
-21.651924
-21.751919
-21.826916
-21.901915
-21.991913
-22.081911
-22.191910
-22.296907
-22.416906
-22.526907
-22.626907
-22.726908
-22.816908
-22.891907
-22.951906
-23.016907
-23.071905
-23.111902
-23.141897
-23.156891
-23.171885
-23.186878
-23.196871
-23.221863
-23.236853
-23.276842
-23.316832
-23.351820
-23.406807
-23.456795
-23.536781
-23.626768
-23.726755
-23.836740
-23.921726
-23.986712
-24.021696
-24.016680
-23.991663
-23.946644
-23.911623
-23.896603
-23.896582
-23.926561
-23.966541
-24.026520
-24.086496
-24.146471
-24.201445
-24.246418
-24.291391
-24.321363
-24.346334
-24.351307
-24.336279
-24.316250
-24.296221
-24.276190
-24.266157
-24.276123
-24.316090
-24.356056
-24.381023
-24.370991
-24.310957
-24.195923
-24.015888
-23.785852
-23.520817
-23.265779
-23.020741
-22.785700
-22.570660
-22.375620
-22.190580
-21.985540
-21.790499
-21.625458
-21.485416
-21.385376
-21.335335
-21.365294
-21.430252
-21.535210
-21.685167
-21.850124
-22.020082
-22.140041
-22.219999
-22.224958
-22.184917
-22.129877
-22.089838
-22.129799
-22.284760
-22.574720
-22.949680
-23.379639
-23.834597
-24.279554
-24.689510
-25.059467
-25.374424
-25.644381
-25.874338
-26.074295
-26.234253
-26.349211
-26.464169
-26.589127
-26.714083
-26.829039
-26.948994
-27.073950
-27.178905
-27.263861
-27.323816
-27.378773
-27.428728
-27.488684
-27.578638
-27.723593
-27.988548
-28.368504
-28.868458
-29.498413
-30.258368
-31.048321
-31.668274
-31.928228
-31.628181
-30.503134
-28.238087
-24.668039
-19.867992
-14.097945
-7.817898
-1.812851
2.852196
5.292243
5.057289
2.147336
-2.997618
-9.477571
-16.042526
-21.667480
-25.802435
-28.357389
-29.567345
-29.832300
-29.652256
-29.417212
-29.282166
-29.267118
-29.302071
-29.352024
-29.411978
-29.451931
-29.506884
-29.576836
-29.656788
-29.741741
-29.826696
-29.921654
-30.011612
-30.086571
-30.166531
-30.251490
-30.331450
-30.411409
-30.491369
-30.551331
-30.601292
-30.631252
-30.656214
-30.681177
-30.701141
-30.741106
-30.776070
-30.806032
-30.815994
-30.800957
-30.775919
-30.735882
-30.665844
-30.600807
-30.560772
-30.535736
-30.520700
-30.515665
-30.560629
-30.620592
-30.695555
-30.800518
-30.920483
-31.050447
-31.170412
-31.280376
-31.365341
-31.425306
-31.455271
-31.465235
-31.450199
-31.435162
-31.415123
-31.385086
-31.365051
-31.355017
-31.349981
-31.324945
-31.284910
-31.249876
-31.214840
-31.169804
-31.134768
-31.129732
-31.169697
-31.219664
-31.294630
-31.404596
-31.534563
-31.659531
-31.784500
-31.914471
-32.029442
-32.114414
-32.194389
-32.279366
-32.354343
-32.424316
-32.494286
-32.579254
-32.634220
-32.674183
-32.694145
-32.704109
-32.684074
-32.629040
-32.559006
-32.443974
-32.273941
-32.033909
-31.758875
-31.443840
-31.103804
-30.773766
-30.473728
-30.228691
-30.013655
-29.838619
-29.698584
-29.573547
-29.463512
-29.353477
-29.268440
-29.203402
-29.153362
-29.128321
-29.128279
-29.163237
-29.203194
-29.253151
-29.313108
-29.383064
-29.463020
-29.522976
-29.587931
-29.647884
-29.707838
-29.762793
-29.782747
-29.807701
-29.817654
-29.832605
-29.847559
-29.862513
-29.912466
-29.972418
-30.067369
-30.172321
-30.297274
-30.437227
-30.582182
-30.732136
-30.867090
-30.997044
-31.091997
-31.176950
-31.251904
-31.326857
-31.416809
-31.521763
-31.651716
-31.776672
-31.896629
-32.001583
-32.066540
-32.101498
-32.116455
-32.126415
-32.141376
-32.156334
-32.201290
-32.246246
-32.316200
-32.401157
-32.481113
-32.571068
-32.656025
-32.755981
-32.830936
-32.890896
-32.945854
-32.995811
-33.020767
-33.025719
-33.020668
-33.005619
-32.985569
-32.940521
-32.905476
-32.870430
-32.855385
-32.845341
-32.835297
-32.855255
-32.890213
-32.950169
-33.025124
-33.125076
-33.225029
-33.319984
-33.404942
-33.479900
-33.519859
-33.524818
-33.539780
-33.534740
-33.529701
-33.504662
-33.479622
-33.444580
-33.384537
-33.304497
-33.174458
-33.019421
-32.844387
-32.654354
-32.434322
-32.224289
-32.034256
-31.859221
-31.689184
-31.529146
-31.394108
-31.254068
-31.114031
-30.978994
-30.858957
-30.768921
-30.718885
-30.708849
-30.753813
-30.833776
-30.943741
-31.053705
-31.148670
-31.243633
-31.308596
-31.338558
-31.313520
-31.273483
