0.000000
0.000000
0.000000
0.000000
0.000000
0.000000
0.000000
0.000000
0.000000
0.000000
0.000000
0.000000
0.000000
0.000000
0.000000
0.000000
0.000000
0.000000
0.000000
0.000000
0.000000
0.000000
0.000000
0.000000
0.000000
0.000000
0.000000
0.000000
0.000000
0.000000
0.000000
0.000000
0.000631
0.004464
0.011103
0.015006
0.009895
0.003408
0.000127
0.001646
0.008093
0.017722
0.030414
0.041801
0.049933
0.047289
0.030454
0.008023
0.001097
0.026147
0.076303
0.121735
0.144207
0.132598
0.091554
0.047758
0.015194
0.002001
0.000292
0.003426
0.005245
0.004700
0.002430
0.001001
0.000727
0.001606
0.005690
0.014949
0.029756
0.047060
0.060966
0.064687
0.055740
0.038132
0.017145
0.001744
0.007419
0.063825
0.218064
0.531619
1.027137
1.660628
2.299669
2.823452
3.086887
2.932323
2.326581
1.411597
0.470245
0.000077
0.862900
4.249630
11.072766
21.190907
32.521832
40.921234
41.270580
31.197233
14.952107
2.147598
1.540070
14.324585
32.570629
44.474808
43.330566
31.734722
17.411209
6.699293
1.402092
0.017847
0.282789
0.808702
1.168132
1.367622
1.441923
1.379340
1.177352
0.863447
0.541173
0.281066
0.121041
0.043732
0.012617
0.002577
0.000051
0.000341
0.000571
0.000244
0.000038
0.001630
0.005587
0.009697
0.007946
0.002653
0.000019
0.004854
0.014274
0.021578
0.019149
0.010299
0.002557
0.000012
0.002251
0.005731
0.007142
0.006260
0.004433
0.003342
0.002303
0.001367
0.000521
0.000006
0.000363
0.002358
0.005572
0.008047
0.007338
0.003797
0.000576
0.000406
0.003647
0.007680
0.008398
0.006003
0.002103
0.000121
0.000415
0.001957
0.002828
0.002303
0.000996
0.000146
0.000020
0.000329
0.000932
0.001240
0.001380
0.001211
0.001001
0.000729
0.000256
0.000040
0.000001
0.000014
0.000014
0.000029
0.000097
0.000491
0.001892
0.004999
0.009427
0.012714
0.012701
0.009610
0.006049
0.002993
0.001187
0.000492
0.000523
0.001313
0.002403
0.003385
0.004012
0.003619
0.002071
0.000290
0.000201
0.001538
0.003800
0.005952
0.006962
0.006478
0.005651
0.006472
0.007998
0.009066
0.010106
0.011252
0.013674
0.014735
0.013926
0.013320
0.012569
0.011136
0.007268
0.003404
0.001011
0.000085
0.000249
0.001804
0.003787
0.005177
0.004816
0.004355
0.003737
0.002810
0.002288
0.001955
0.002535
0.003683
0.003901
0.003551
0.002841
0.002847
0.003131
0.002675
0.002008
0.001175
0.000497
0.000004
0.000558
0.002011
0.003103
0.003680
0.004034
0.003836
0.003090
0.002073
0.001172
0.000364
0.000000
0.000410
0.001480
0.003206
0.005135
0.007425
0.008763
0.008925
0.007208
0.003525
0.000610
0.000410
0.004225
0.010308
0.015103
0.015021
0.011075
0.005699
0.001387
0.000001
0.000986
0.002929
0.003865
0.003598
0.002677
0.002069
0.001690
0.001205
0.001108
0.001327
0.001383
0.001027
0.000497
0.000451
0.000680
0.000886
0.000767
0.000293
0.000002
0.000755
0.003250
0.006273
0.007368
0.005952
0.002715
0.000642
0.000001
0.000319
0.001077
0.002874
0.005396
0.009332
0.014901
0.020234
0.021492
0.014940
0.005862
0.000590
0.000881
0.006079
0.012372
0.016794
0.019442
0.025531
0.036383
0.048891
0.062286
0.066750
0.060284
0.040683
0.017598
0.003754
0.000041
0.002561
0.005538
0.006006
0.003666
0.000921
0.000299
0.003970
0.008355
0.008933
0.003982
0.000013
0.012656
0.058343
0.120580
0.163204
0.159844
0.121300
0.066165
0.020647
0.001762
0.000611
0.002693
0.002713
0.001506
0.000498
0.000403
0.001788
0.007024
0.020384
0.040706
0.063845
0.076498
0.070900
0.052327
0.023382
0.001796
0.012148
0.089743
0.277414
0.648404
1.255495
2.088985
3.032358
3.927361
4.556716
4.569568
3.746866
2.229128
0.656129
0.014631
1.688077
7.102964
16.839499
29.675274
42.788235
51.730953
51.754276
40.855328
22.650539
6.068428
0.047154
8.491424
27.418737
46.689499
56.041348
51.960209
38.313957
22.288208
9.566842
2.417732
0.084283
0.386751
1.437561
2.295933
2.711422
2.708462
2.410251
1.938236
1.405381
0.897497
0.481561
0.204298
0.057498
0.006064
0.000551
0.003804
0.002098
0.000020
0.001583
0.005497
0.007939
0.006199
0.001902
0.000001
0.001020
0.002374
0.002822
0.002116
0.001213
0.000861
0.001209
0.002618
0.003795
0.004467
0.003716
0.001860
0.000211
0.000482
0.002314
0.004167
0.004957
0.005149
0.004862
0.003609
0.002557
0.001630
0.000998
0.000596
0.000224
0.000199
0.000256
0.000344
0.000486
0.000281
0.000206
0.000058
0.000001
0.000010
0.000110
0.000105
0.000191
0.000289
0.000360
0.000323
0.000096
0.000033
0.000025
0.000031
0.000041
0.000042
0.000116
0.000173
0.000056
0.000021
0.000042
0.000331
0.000871
0.001517
0.002936
0.004431
0.006079
0.006659
0.007963
0.010470
0.012753
0.015737
0.018373
0.021929
0.023759
0.022989
0.020968
0.016147
0.009829
0.003306
0.000057
0.002434
0.013100
0.032141
0.056974
0.080547
0.099878
0.109416
0.104751
0.087014
0.062412
0.038636
0.018767
0.006046
0.000608
0.000241
0.001900
0.004005
0.005817
0.007279
0.008217
0.008885
0.009721
0.009469
0.008702
0.006998
0.005169
0.003877
0.002361
0.001521
0.000747
0.000502
0.000515
0.000405
0.000273
0.000046
0.000013
0.000510
0.002078
0.004517
0.006193
0.005811
0.004623
0.002199
0.000449
0.000031
0.000632
0.000945
0.001314
0.001205
0.000898
0.000818
0.000814
0.001554
0.002402
0.003291
0.003860
0.003441
0.002860
0.001915
0.001124
0.000428
0.000074
0.000002
0.000117
0.000477
0.001424
0.002551
0.003273
0.003518
0.002824
0.002172
0.001164
0.000381
0.000090
0.000011
0.000098
0.000534
0.001647
0.003250
0.005555
0.006107
0.004854
0.002240
0.000144
0.000585
0.003422
0.006372
0.006720
0.004917
0.002046
0.000376
0.000028
0.000623
0.001341
0.001894
0.001969
0.002126
0.002177
0.002299
0.002157
0.001505
0.000938
0.000596
0.000625
0.001115
0.002467
0.005865
0.011351
0.016341
0.016647
0.010935
0.003598
0.000004
0.005143
0.019409
0.035604
0.045556
0.047656
0.043741
0.037965
0.031389
0.027601
0.025870
0.023305
0.018490
0.011256
0.004922
0.000578
0.000608
0.004596
0.010462
0.014640
0.016864
0.012771
0.004767
0.000001
0.007083
0.024825
0.043413
0.044923
0.026545
0.003957
0.003953
0.032598
0.071798
0.098562
0.105168
0.093334
0.069997
0.045288
0.025028
0.011132
0.002952
0.000003
0.003049
0.009605
0.016097
0.021831
0.027965
0.032393
0.033349
0.029173
0.019974
0.006088
0.001171
0.040368
0.177584
0.468422
0.965651
1.650272
2.404138
3.047210
3.412607
3.386317
2.838102
1.801938
0.623976
0.000220
1.015373
5.227303
14.065440
27.404833
42.346821
53.174034
52.984776
38.884983
17.223803
1.673083
3.414843
22.239880
45.835541
58.493221
53.285736
36.083271
18.050562
6.098882
0.973423
0.002369
0.424305
0.892215
1.192407
1.429476
1.612210
1.675866
1.523783
1.175961
0.750633
0.379505
0.145966
0.036414
0.003184
0.000383
0.002671
0.003277
0.002870
0.002597
0.002423
0.001981
0.001387
0.000561
0.000068
0.000005
0.000096
0.000061
0.000015
0.000002
0.000043
0.000611
0.002155
0.004735
0.008387
0.011733
0.012736
0.010494
0.006497
0.003548
0.001113
0.000007
0.000880
0.003904
0.007880
0.013050
0.017191
0.018083
0.015547
0.010683
0.005431
0.001544
0.000018
0.000612
0.002055
0.003740
0.004786
0.005194
0.004748
0.004562
0.005608
0.007185
0.008466
0.008970
0.008695
0.007216
0.003745
0.000828
0.000020
0.001330
0.004294
0.008241
0.011161
0.012482
0.012521
0.011211
0.009239
0.007965
0.007983
0.009195
0.010544
0.012715
0.014344
0.014405
0.012337
0.009395
0.006945
0.004054
0.001771
0.000174
0.000572
0.005769
0.018895
0.038682
0.060466
0.075486
0.079388
0.066831
0.046824
0.027958
0.014213
0.006592
0.002559
0.001110
0.000441
0.000048
0.000076
0.000778
0.002087
0.004431
0.007099
0.008884
0.009279
0.008574
0.008220
0.006729
0.004815
0.002828
0.001387
0.000634
0.000016
0.000313
0.001654
0.003286
0.004139
0.004895
0.004010
0.002587
0.000794
0.000007
0.000407
0.001885
0.003706
0.005778
0.006640
0.006328
0.004322
0.002013
0.000555
0.000032
0.000001
0.000027
0.000409
0.001268
0.001962
0.001840
0.000632
0.000004
0.001147
0.003567
0.004963
0.004905
0.003197
0.001512
0.000273
0.000075
0.000720
0.001902
0.002758
0.003785
0.004350
0.003706
0.002565
0.001311
0.000452
0.000002
0.000502
0.002057
0.003752
0.005854
0.007616
0.008517
0.007588
0.005254
0.003505
0.001638
0.000376
0.000078
0.001666
0.005225
0.010152
0.014483
0.016935
0.016874
0.014414
0.009782
0.006202
0.003725
0.002866
0.002350
0.001673
0.001303
0.000711
0.000206
0.000138
0.002044
0.006238
0.011898
0.018082
0.023655
0.025943
0.024187
0.019884
0.016476
0.013059
0.010323
